NodeID1,NodeID2,0,1,2
aaron_christian,marc_key,0.34513322980812805,0.33262724823116885,0.3222395219607031
aaron_christian,joseph_trevino,0.3296810943261862,0.3508574895464032,0.3194614161274105
aaron_pope,annette_solis,0.34748110147261824,0.33206682554354017,0.3204520729838416
aaron_pope,carol_harris,0.38031515656003423,0.33062699231221154,0.2890578511277543
aaron_powell,jennifer_simmons,0.3072046063152532,0.31618896160310944,0.37660643208163697
aaron_powell,alicia_washington,0.3606925993194427,0.3162901259186557,0.3230172747619018
aaron_powell,ashley_johnson,0.31595162157044954,0.3026444679752946,0.381403910454256
aaron_powell,jose_kennedy,0.3344858716661752,0.3120578262354344,0.3534563020983903
aaron_powell,pamela_gibbs,0.3180654978350232,0.30168018804126884,0.3802543141237077
aaron_powell,justin_young,0.3599809335951296,0.3170610941269497,0.32295797227792056
aaron_powell,rachel_hinton,0.2956141680755688,0.33201618574699765,0.37236964617743373
adam_french,robin_coleman,0.3800831046062829,0.32191552353065944,0.2980013718630575
adam_king,charles_white,0.3126319277224311,0.38283021273419565,0.3045378595433731
adam_king,brianna_wong,0.34550593692704484,0.4218333219070237,0.2326607411659315
adam_king,elizabeth_kennedy,0.33189687056820427,0.42341204454343634,0.24469108488835942
adam_king,brandy_sims,0.3038333799496463,0.4000019931255657,0.2961646269247878
adam_king,kristina_wilcox,0.3186058880402625,0.42497717965181897,0.2564169323079185
adam_king,william_cruz,0.30282891112284926,0.4237467787747169,0.27342431010243373
adrian_barnes_dds,kyle_wang,0.3377077917767803,0.3703987694522669,0.29189343877095264
adrian_barnes_dds,matthew_lang,0.2896166639428595,0.3435223679084342,0.3668609681487065
adrian_king,samuel_hayes,0.2943829997240241,0.4208418010583809,0.28477519921759487
adrian_king,tina_smith,0.4031575422450159,0.374187353586441,0.22265510416854298
adrian_king,christine_robertson,0.24211406473531327,0.4452961646308261,0.31258977063386056
adrian_king,crystal_smith,0.3021673957320316,0.40782875096717547,0.29000385330079304
adrian_king,cynthia_dougherty,0.37419534243650493,0.3744096112404672,0.25139504632302806
adrian_pineda,diana_lee,0.3139582159516171,0.3175875589236552,0.3684542251247276
alan_williams,john_cuevas_md,0.3075067747442495,0.3572805334557035,0.335212691800047
alan_williams,jennifer_washington,0.23180231200360915,0.358612767717754,0.4095849202786368
alan_williams,franklin_carlson,0.263115777157802,0.3935210951722098,0.34336312766998806
alan_williams,ronald_thomas,0.27361630622777844,0.3607032018270474,0.3656804919451739
alan_williams,sydney_wagner,0.27443094329644435,0.376853300588454,0.3487157561151015
alan_williams,eduardo_shields,0.30392530076317714,0.3566910625524377,0.33938363668438515
albert_turner,heather_bird,0.323413815209628,0.2960328124004879,0.3805533723898838
albert_turner,trevor_ford,0.4034990999441829,0.31656355035447653,0.2799373497013405
albert_turner,michelle_owens,0.3386821827655457,0.28801149956872846,0.37330631766572586
albert_turner,nicole_stewart,0.34431089728712705,0.33324539821056454,0.3224437045023083
albert_turner,john_stewart,0.31222155519959166,0.2983305780149896,0.38944786678541876
albert_turner,jerry_garcia,0.31368677083898727,0.30496532556581224,0.38134790359520054
albert_turner,raymond_allen,0.3244504639266977,0.29933038436979825,0.3762191517035038
albert_turner,rachel_martin,0.3243980865902371,0.3626432197940017,0.3129586936157612
albert_turner,rachel_wilson,0.3263751863056329,0.3108262133086811,0.36279860038568595
albert_turner,pamela_kelley,0.34935736827191427,0.3100763802799424,0.3405662514481432
albert_turner,jeremy_parks,0.3237263608067447,0.30503355200317267,0.37124008719008256
albert_turner,thomas_barnes,0.33298086134918387,0.30593396751777424,0.3610851711330417
albert_turner,traci_rowland,0.36147520576741826,0.29683353789451544,0.34169125633806613
alex_perez,laura_phillips,0.2828387562884157,0.3179005961527984,0.39926064755878593
alex_perez,debra_nolan_dds,0.3106131079797957,0.32010967309960603,0.3692772189205983
alex_perez,edward_collier,0.30599288807758507,0.314720983899535,0.3792861280228799
alex_perez,jasmine_smith,0.37205950254127085,0.31082847562602883,0.3171120218327004
alexa_hernandez,alexander_wells,0.4223688078927969,0.3119448417205417,0.26568635038666116
alexa_hernandez,frank_burns,0.422182431897322,0.29698527884229053,0.2808322892603872
alexa_hernandez,justin_young,0.4283092676539186,0.3088700865598136,0.2628206457862678
alexa_hernandez,james_webb,0.4607978774164627,0.28033073428431055,0.2588713882992269
alexa_hernandez,carl_rollins,0.4082011764494139,0.3037682833587928,0.28803054019179347
alexa_hernandez,sandra_thompson,0.4489392521998027,0.3000195262736281,0.25104122152656905
alexa_hernandez,timothy_tucker,0.4265455988231688,0.2927110927616177,0.28074330841521355
alexa_hernandez,joshua_hernandez,0.37774317210910896,0.29736056813138756,0.3248962597595036
alexander_perry,carolyn_campbell,0.36226910680518737,0.3478058217621121,0.2899250714327005
alexandra_chavez,cassandra_hernandez,0.28659518668237416,0.3151054213032604,0.3982993920143654
alexandria_jones,ashley_rogers,0.3308194461698817,0.3434291383527792,0.32575141547733905
alexandria_jones,kerry_johnson,0.3084201902426192,0.3497911080276309,0.3417887017297497
alexandria_jones,sierra_montoya,0.313862365309035,0.32539149433874065,0.36074614035222424
alexandria_jones,joshua_hernandez,0.3302208935137911,0.3438218672340989,0.32595723925210973
alexandria_jones,eric_odom,0.29935163752764193,0.3572777407775112,0.3433706216948469
alexis_conrad,jessica_wade,0.33232847106311975,0.348745178779064,0.3189263501578161
alexis_robinson,sandra_rivas,0.3563938142837945,0.3131940517946785,0.33041213392152685
alicia_walker,jack_lopez,0.39260360214222156,0.33535091038094256,0.2720454874768357
alicia_walker,michael_powell,0.40038078761354706,0.33111903970935624,0.2685001726770965
alicia_walker,michael_solomon,0.40676163847433605,0.3278387643861993,0.2653995971394647
alicia_walker,ronald_thomas,0.35323346090781954,0.34832046432207503,0.29844607477010526
alicia_walker,shari_butler,0.3710078528186097,0.34308894751196944,0.285903199669421
alicia_walker,robert_myers,0.4666296100072209,0.3190554909106551,0.21431489908212384
alicia_walker,randy_wheeler,0.3490152832743183,0.34569246612883703,0.30529225059684445
alicia_walker,joseph_krause,0.366305984473642,0.33677665132101864,0.2969173642053391
alicia_washington,justin_young,0.3800887131527757,0.326045230456613,0.2938660563906113
alicia_washington,ashley_johnson,0.3654730238401867,0.31571129822839183,0.3188156779314213
alicia_washington,rodney_walker,0.3643006680008717,0.32035946529446313,0.315339866704665
alison_moore,diana_stone,0.364218358108046,0.35089717507451146,0.2848844668174425
alison_walker,alexander_munoz,0.38875182196120267,0.3211002762717263,0.2901479017670711
allen_bailey,raymond_adams,0.3777924357113851,0.32845751354762215,0.2937500507409926
allen_bailey,michelle_owens,0.3699688973132489,0.3097418381353712,0.3202892645513799
allen_bailey,gloria_murray_dvm,0.30070186757492817,0.3207858957549905,0.37851223667008144
allen_bailey,daniel_rangel,0.32905595153297723,0.3159189555946275,0.35502509287239536
allen_bailey,nicole_stewart,0.32434727151482506,0.34330408383280525,0.3323486446523696
allen_bailey,ronald_thomas,0.2961168208432662,0.3256272010783507,0.3782559780783829
allison_cummings,troy_hughes,0.32940531086800506,0.3276502370912071,0.3429444520407878
allison_cummings,monica_carr,0.28082273471644803,0.46619703473691326,0.25298023054663876
allison_greene,gary_evans,0.3671508603190605,0.35437024353462454,0.2784788961463146
amanda_curtis,jimmy_moore,0.3276969285892975,0.3070201704978974,0.3652829009128048
amanda_jones,donald_thomas,0.3128317129517088,0.30697741437863124,0.3801908726696599
amanda_jones,veronica_gibson,0.30331039347583333,0.31514319151354003,0.38154641501062636
amanda_morgan,christopher_mendoza,0.2514982701680813,0.34026752469338695,0.4082342051385318
amanda_morgan,karen_harris,0.33707573361407267,0.3224925949636074,0.34043167142231995
amanda_morgan,kevin_wade,0.2634455420805268,0.32931724090681247,0.40723721701266075
amanda_morgan,jonathan_snyder,0.29694132481604973,0.32699659872167974,0.37606207646227047
amanda_morgan,natalie_young,0.24811210641353348,0.32239410863625667,0.4294937849502096
amanda_murphy,carmen_lopez,0.3294731185085651,0.4274633304734783,0.24306355101795668
amanda_perry,david_rodriguez,0.3637069940022016,0.32879263196455005,0.30750037403324826
amanda_perry,john_zuniga,0.3278282405243475,0.3004918800910127,0.37167987938463964
amanda_perry,ryan_hartman,0.28989396781466836,0.3286571201314943,0.3814489120538373
amanda_perry,lauren_thomas_phd,0.3390044315151916,0.301027495006691,0.3599680734781175
amanda_perry,tina_fields,0.29164702895516526,0.31077419317454225,0.3975787778702922
amanda_perry,brandi_duncan,0.29631435528056116,0.30515835449772066,0.3985272902217181
amanda_perry,dr._samuel_sharp_dds,0.30860302755626423,0.33827248917585195,0.35312448326788387
amanda_perry,nicole_stewart,0.3173478414730386,0.33244458736626903,0.35020757116069223
amanda_quinn,jeffrey_king,0.3626161272468748,0.3303017377372798,0.3070821350158452
amanda_quinn,stephanie_mosley,0.30310709521620444,0.33389736755330235,0.3629955372304932
amanda_quinn,matthew_rojas,0.36004584916162025,0.33456859089270785,0.3053855599456719
amanda_quinn,deborah_baker,0.31436865305487216,0.3622352310557663,0.32339611588936146
amanda_smith,bryan_george,0.37986369809699716,0.35933238795802946,0.2608039139449735
amanda_smith,sarah_wilkins,0.3750848069530033,0.32066241990380767,0.3042527731431891
amanda_smith,henry_poole,0.3793656933706356,0.3255111539353674,0.2951231526939968
amanda_smith,benjamin_cole,0.37829101982745583,0.3137002751176028,0.30800870505494116
amanda_spears,barbara_nunez,0.33781122003747327,0.32518025248440235,0.3370085274781243
amanda_spears,jasmine_smith,0.35771394242522736,0.2928347110144715,0.34945134656030086
amanda_thompson,allen_bailey,0.3460481714112559,0.322366841771056,0.3315849868176881
amanda_white,michael_price,0.2633913266770895,0.3328248237228609,0.40378384960004987
amanda_white,matthew_barnes,0.3147908476797234,0.31807910913968196,0.3671300431805948
amanda_white,ruben_mccoy_phd,0.30827597179781896,0.3150798231712066,0.3766442050309743
amanda_white,kevin_kelly,0.2806171075959069,0.3523073170356924,0.36707557536840063
amanda_white,anthony_stephens,0.3587066935270588,0.3086044474214353,0.33268885905150597
amanda_white,kevin_wade,0.27686885931675276,0.324303599990919,0.39882754069232823
amanda_white,brian_elliott,0.2975812696154664,0.34634318405872966,0.35607554632580396
amber_bennett,raymond_allen,0.32789975444541014,0.31169480805078986,0.36040543750379994
amber_bennett,albert_turner,0.3260001362244055,0.30691347523942103,0.36708638853617365
amber_bennett,trevor_ford,0.3774101384936629,0.32190959328810137,0.3006802682182358
amber_bennett,andrew_grimes,0.29760674076386906,0.31570922488577075,0.38668403435036014
amber_bennett,pamela_kelley,0.31258289092781116,0.3104310588296043,0.3769860502425847
amber_bennett,jerry_garcia,0.2919393492389773,0.3099302266215309,0.3981304241394915
amber_bennett,rachel_martin,0.30651162696177237,0.36822226712491435,0.325266105913313
amber_bennett,paula_guerrero,0.2964720187219258,0.3101904515299902,0.39333752974808395
amber_bennett,thomas_barnes,0.30231416610149714,0.30845143931885505,0.38923439457964776
amber_bennett,nicole_stewart,0.3145079466200208,0.33206767781915,0.3534243755608293
amber_hernandez_dvm,justin_knight,0.27623368302993995,0.32735888119690393,0.39640743577315624
amber_wright,trevor_ford,0.3425829949183103,0.4098014076114578,0.2476155974702317
amber_wright,joshua_smith,0.3175676210533606,0.4261261026160591,0.25630627633057995
amy_fletcher,angela_marshall,0.30332594306093424,0.30734183536639853,0.3893322215726672
amy_miller,brian_elliott,0.37718098163487734,0.33723530892872483,0.28558370943639755
amy_miller,hayley_moore,0.39526312563546845,0.3104282898688083,0.29430858449572334
amy_miller,raymond_allen,0.4041086812410746,0.306926756674758,0.2889645620841675
amy_miller,zachary_austin,0.3963243292322272,0.29177977439461117,0.3118958963731613
amy_miller,gary_brooks,0.40967936880835193,0.30204514658756376,0.28827548460408425
amy_miller,michael_solomon,0.4149089558923415,0.292544922255223,0.29254612185243545
amy_miller,darrell_pineda,0.35966265493912936,0.33052746091894053,0.30980988414192995
amy_miller,patricia_reeves,0.41565919226844555,0.3049795310395474,0.27936127669200705
amy_miller,julia_jones,0.41322247132749457,0.3270779696285356,0.25969955904396974
andrea_davis,jamie_bennett,0.32253789110034053,0.31888152612509646,0.35858058277456273
andrea_davis,patrick_ramsey,0.31951392568122056,0.29856383230468486,0.38192224201409475
andrea_davis,paul_walker,0.3579796541299624,0.32068973478311824,0.3213306110869191
andrea_davis,maria_jackson,0.3788813064258435,0.30831736095224693,0.3128013326219096
andrea_davis,william_delacruz,0.3235281699233813,0.3095186864159434,0.36695314366067516
andrea_davis,daniel_morris,0.3586461995714373,0.3441940620579719,0.2971597383705907
andrea_davis,faith_bennett,0.34885477629395134,0.28135238559617964,0.36979283810986896
andrea_robinson,julie_gibson,0.42772251865747907,0.31441596748076583,0.2578615138617552
andrea_robinson,ryan_gross,0.29671822506639783,0.32455959055726147,0.3787221843763408
andrea_robinson,teresa_cardenas,0.39278698110641275,0.32521157553723723,0.28200144335634997
andrew_alexander,michael_khan_dds,0.3230962277915814,0.3080032324890563,0.368900539719362
andrew_alexander,anthony_martin,0.3312572289810537,0.3378435305658407,0.3308992404531057
andrew_alexander,james_martin,0.3699990596276749,0.32874081123022886,0.3012601291420962
andrew_alexander,george_wade,0.34153824567168484,0.33105653272346325,0.3274052216048519
andrew_alexander,nicholas_barrett,0.34492869660758513,0.336840909372458,0.31823039401995706
andrew_alexander,samantha_shaffer,0.3423426024807456,0.3368096195211091,0.3208477779981452
andrew_alexander,joshua_branch,0.3577114605512782,0.3309505925786144,0.3113379468701069
andrew_alexander,john_larson,0.3981405707677654,0.3291518564401414,0.2727075727920931
andrew_bennett,jerry_bradley_md,0.34940614974331796,0.3616545908804252,0.28893925937625664
andrew_bennett,ashley_rogers,0.3432206278348775,0.3643352904183766,0.29244408174674597
andrew_bennett,william_castro,0.30134471679656977,0.4242746833945276,0.27438059980890234
andrew_bennett,courtney_clark,0.3006593699611529,0.39120499063805436,0.3081356394007925
andrew_bennett,kyle_young,0.3411297018319998,0.36768782962195573,0.2911824685460445
andrew_bennett,alexandria_jones,0.3160606944981988,0.3703268574628174,0.3136124480389836
andrew_bennett,linda_todd,0.34558160135110527,0.36209812238145284,0.2923202762674418
andrew_bennett,eric_odom,0.3160308429336877,0.38044026974149264,0.30352888732481964
andrew_black,kevin_may,0.3123495212332494,0.30643402509195816,0.38121645367479245
andrew_black,jennifer_cox,0.38133518347527395,0.320969110886551,0.29769570563817493
andrew_black,janet_foster,0.2966317951357223,0.3193239076201402,0.38404429724413747
andrew_black,christopher_anderson,0.36412645111207065,0.32353797453759836,0.31233557435033094
andrew_black,angela_cordova,0.3357445524704351,0.3445372456633228,0.31971820186624206
andrew_black,jamie_bennett,0.29243411763946103,0.3288675221473042,0.3786983602132348
andrew_black,christopher_marquez,0.34648692736916537,0.3031337409940078,0.350379331636827
andrew_black,sandra_thompson,0.369537780042554,0.31107391973809634,0.3193883002193497
andrew_black,brandon_meyers,0.31105926258132255,0.3216135009889686,0.3673272364297087
andrew_black,david_ruiz,0.3492184458328343,0.37204851534833183,0.2787330388188339
andrew_grimes,thomas_barnes,0.29305345153591905,0.31147826471792056,0.3954682837461603
andrew_grimes,jerry_garcia,0.30136279659653487,0.318525295360772,0.3801119080426932
andrew_grimes,pamela_kelley,0.2995262179254936,0.31226111305085297,0.38821266902365353
andrew_grimes,raymond_allen,0.3236883521716565,0.31654386463858414,0.3597677831897593
andrew_grimes,trevor_ford,0.3639329386330692,0.32105058626615796,0.31501647510077274
andrew_james,melissa_mclean,0.29500374420123937,0.3150986523344986,0.38989760346426205
andrew_james,dr._samuel_sharp_dds,0.30191034505624054,0.347045779026279,0.3510438759174803
andrew_james,jared_johnson,0.319580434733593,0.3601176296371079,0.320301935629299
andrew_lewis,heather_bird,0.3438845686044533,0.31477152410978254,0.341343907285764
andrew_perez,kara_medina,0.2813702981974804,0.3544745840639009,0.3641551177386186
andrew_perez,jared_johnson,0.3192734042745035,0.3626950214743686,0.31803157425112794
andrew_perez,jennifer_li,0.28635949513319914,0.3281819264459538,0.38545857842084735
andrew_perez,andrew_terry,0.26997486886235783,0.46269994335299763,0.26732518778464465
andrew_perez,crystal_mejia,0.3432329420516106,0.3455064273867233,0.31126063056166603
andrew_perez,wesley_molina,0.308176311364997,0.33551267735741425,0.35631101127758885
andrew_perez,trevor_young,0.33496183295526544,0.3462411882347596,0.31879697880997493
andrew_perez,annette_solis,0.27201588986167363,0.3162959893114486,0.4116881208268777
andrew_terry,amber_hernandez,0.29930680913402913,0.4696299748681215,0.23106321599784924
andrew_terry,ariel_duran,0.22779314603489959,0.46059203402616106,0.31161481993893897
andrew_terry,robert_tran,0.3008531178843599,0.46349404082635626,0.23565284128928413
andrew_terry,jennifer_lynch,0.2583536640570348,0.4605803686994578,0.28106596724350724
andrew_terry,laura_perry,0.30833392417414945,0.45789728922828044,0.23376878659757008
andrew_terry,keith_scott,0.2661636989445018,0.4719653379930247,0.2618709630624735
andrew_terry,jeffery_clark,0.21133042123914697,0.4572712672898181,0.33139831147103493
andrew_terry,mark_fuller,0.30221257832209963,0.467833646222147,0.2299537754557536
andrew_weaver,caitlin_reeves,0.35471111022198076,0.33868419248232373,0.30660469729569545
angela_cordova,amanda_cohen,0.35460410207817733,0.3342510025642472,0.3111448953575755
angela_cordova,jennifer_obrien,0.3887694882788467,0.3342976023662715,0.2769329093548815
angela_cordova,aaron_pope,0.34475175849941664,0.3478547139109586,0.3073935275896248
angela_cordova,brandon_meyers,0.3302991398676971,0.3502289132658033,0.31947194686649943
angela_cordova,john_cuevas_md,0.3425973301092329,0.34042588824870174,0.31697678164206566
angela_cordova,gregory_foster,0.3381822002308345,0.34290699194880914,0.31891080782035636
angela_cordova,zachary_austin,0.36421194157172615,0.33450225807419703,0.30128580035407665
angela_cordova,annette_solis,0.33295590026823935,0.3457832413268674,0.32126085840489316
angela_jones,carrie_phillips,0.37271209675556116,0.3311246758344898,0.29616322740994894
angela_jones,amanda_morgan,0.34344863856966745,0.33718861816586776,0.31936274326446473
angela_jones,james_long,0.3689030265119241,0.3242384461754137,0.3068585273126622
angela_patterson,jeremy_cooper,0.38443424878008176,0.33151114098762374,0.28405461023229467
angela_patterson,veronica_collier,0.3622255324289265,0.2928686311900092,0.3449058363810639
angela_vargas,mrs._amy_white_phd,0.33087441939835177,0.29469363660119685,0.3744319440004513
anne_french,jessica_simon,0.3858322682997427,0.283527480826977,0.33064025087328003
anne_french,corey_bender,0.4119751105868202,0.3217146502945304,0.26631023911864943
anne_thompson,laura_salazar,0.34186075294320833,0.28903833809173407,0.3691009089650577
anne_thompson,edward_collier,0.3668825544439494,0.3017413235434746,0.33137612201257577
anne_thompson,vanessa_camacho,0.3443897784324975,0.29369201834746256,0.3619182032200397
anne_thompson,walter_johnson,0.3687433263905928,0.32309593192969327,0.3081607416797137
anne_thompson,michael_brown,0.33941801225046375,0.29442280517223623,0.3661591825772999
anne_thompson,darrell_roberson,0.328100350269264,0.29974987046037943,0.3721497792703566
anne_thompson,shannon_ford,0.31579675644710914,0.4360602612711097,0.2481429822817812
annette_mcclure,lisa_chung,0.39386176986719107,0.32054383582342005,0.28559439430938877
anthony_bird,holly_crane,0.2867221630774558,0.31523575046804503,0.39804208645449896
anthony_bird,rachel_wilson,0.2776295483493935,0.3200116485004557,0.4023588031501506
anthony_crane,kenneth_gross,0.30340240953753134,0.31205398056825356,0.384543609894215
anthony_crane,aaron_pope,0.344259024182672,0.3223814522159788,0.3333595236013492
anthony_crane,lisa_chung,0.3758601558865831,0.2995509576045812,0.3245888865088353
anthony_crane,jason_haynes,0.2943154737357647,0.30790428151100024,0.3977802447532349
anthony_martin,george_wade,0.27188638204769106,0.3252937879087708,0.4028198300435382
anthony_martin,joshua_branch,0.2898749679740065,0.32559033361091094,0.3845346984150826
anthony_martin,gary_barrett,0.31962092458140784,0.32191585903686665,0.35846321638172535
anthony_martin,nicholas_barrett,0.2836716439635173,0.33310288122431536,0.38322547481216745
anthony_martin,megan_james,0.32603953586105894,0.3157537084258521,0.3582067557130888
anthony_parker,daniel_morris,0.35389979116922154,0.34830051908763027,0.297799689743148
anthony_parker,jennifer_torres,0.33856394298804265,0.3153539955085525,0.3460820615034048
anthony_randall,patricia_brown,0.3193470294446307,0.3917923475380333,0.28886062301733567
anthony_randall,ashley_rogers,0.304137366080835,0.33156080130437077,0.36430183261479415
anthony_stephens,carol_harris,0.41356871854821164,0.30408544200630244,0.2823458394454859
anthony_stephens,sandra_thompson,0.4162041851846321,0.2923128759490109,0.29148293886635673
anthony_stephens,michael_stewart,0.38774069895320346,0.27516786276886257,0.337091438277934
anthony_stephens,frank_burns,0.3702604419445096,0.2877546896028754,0.34198486845261494
anthony_stephens,robert_barton,0.3700748762226427,0.27374337768274076,0.35618174609461634
anthony_stephens,cynthia_dougherty,0.4012855049226398,0.2826123307832314,0.3161021642941287
antonio_cooper,jacob_torres,0.3670089442847271,0.28905754502173414,0.3439335106935387
antonio_cooper,micheal_humphrey,0.33327302867676645,0.3041984659143107,0.36252850540892284
april_soto,bobby_flores,0.38881430121924376,0.3194862773105252,0.291699421470231
april_soto,shawn_smith_dds,0.4061178451401955,0.3138515822829992,0.28003057257680525
april_turner,connie_fisher,0.3289104402995617,0.3798783777570523,0.29121118194338586
april_turner,robin_coleman,0.3195092577261539,0.3412147002090735,0.33927604206477263
april_turner,hailey_solomon,0.28868981398463706,0.3452948291378782,0.36601535687748454
ariel_duran,mary_clark_dds,0.3230477910984926,0.42467622032283103,0.25227598857867606
ariel_duran,bryan_george,0.30090341802489406,0.39162491238514185,0.307471669589964
arthur_scott,michael_camacho,0.3428765057613908,0.29672351354166526,0.3603999806969438
ashley_arnold_md,jaime_rodriguez,0.3803647758201303,0.3052483819085295,0.3143868422713402
ashley_johnson,justin_young,0.3535118947655793,0.3131715341705115,0.333316571063909
ashley_kemp,jody_martinez,0.3598336832217335,0.2937247213376363,0.3464415954406301
ashley_rogers,brian_elliott,0.3274750137316707,0.3508988870649511,0.3216260992033784
ashley_rogers,sonya_bowers,0.34219912497815325,0.3260777365900423,0.3317231384318044
ashley_rogers,mrs._mary_hammond,0.35816405244825844,0.3411783968695654,0.3006575506821761
ashley_rogers,kenneth_gross,0.3389830105743778,0.3237205872305224,0.3372964021950997
ashley_rogers,rachel_davis_dvm,0.3189593969473572,0.35640391617989675,0.324636686872746
ashley_rogers,david_washington,0.35299119995040584,0.3451735168461497,0.3018352832034443
ashley_rogers,deanna_perry,0.35482668002381623,0.3339824843717355,0.3111908356044479
ashley_rogers,jamie_bennett,0.31613033744543956,0.33673019006675736,0.347139472487803
austin_morrison,david_washington,0.3815561918322221,0.33332578429904125,0.28511802386873636
barbara_nunez,kenneth_allen,0.3414124479184042,0.32230581607981285,0.3362817360017828
barbara_nunez,jay_walsh,0.3424189011031645,0.3203828487155601,0.33719825018127536
barbara_nunez,lindsay_moore,0.3386544664430433,0.35196720786606345,0.3093783256908933
barbara_nunez,carol_harris,0.3655424278658421,0.33254653147439905,0.3019110406597587
barbara_sullivan,jill_sharp,0.32221418448795197,0.31031156771603363,0.36747424779601434
barbara_sullivan,joshua_butler,0.3394956486271293,0.30821767092336905,0.35228668044950157
barbara_sullivan,jennifer_marshall,0.3395154153020091,0.3395409184694327,0.3209436662285581
barbara_sullivan,brandi_meyer,0.3515177531873551,0.305240621468272,0.3432416253443725
barry_dickerson,antonio_cooper,0.3904938018770374,0.3119032532798474,0.2976029448431149
barry_dickerson,corey_burns,0.3509421981638023,0.31162844921244526,0.3374293526237524
barry_dickerson,cesar_elliott,0.37270391092863714,0.3375275193478958,0.2897685697234668
barry_dickerson,micheal_humphrey,0.38642993843015266,0.3175659861208132,0.2960040754490343
barry_dickerson,alexa_hernandez,0.37586385247232884,0.2787700717423852,0.34536607578528594
benjamin_anderson,kimberly_thomas,0.3202769939492726,0.41513049779492034,0.26459250825580694
benjamin_cole,haley_patrick,0.35166065008138014,0.3213959790681319,0.32694337085048786
benjamin_jones,andrew_black,0.3840281228975863,0.3216660773288246,0.29430579977358895
benjamin_jones,harry_mcguire,0.36309330651007643,0.3366281165048575,0.3002785769850659
benjamin_jones,erica_thomas,0.39927348048704414,0.3111854466430368,0.28954107286991904
benjamin_jones,jennifer_cox,0.425218157223771,0.3142957335974764,0.2604861091787526
benjamin_jones,brandi_meyer,0.41801058161614424,0.30608268472357575,0.27590673366027996
beverly_gay,matthew_bryant,0.26374930914406075,0.3255584326394704,0.4106922582164684
bill_woodard,carol_harris,0.35553257071413613,0.32846234953320147,0.31600507975266234
billy_banks,michael_brown,0.3908621008431022,0.33213727214567673,0.2770006270112212
billy_banks,lauren_ramirez,0.37724566505376556,0.341623955113991,0.2811303798322434
billy_banks,stephanie_mosley,0.36655541192317226,0.3418889812410453,0.29155560683578224
billy_banks,jennifer_morales,0.3609501643920799,0.31642320439363325,0.32262663121428686
billy_banks,justin_burton,0.37808149691081566,0.33220534375326194,0.28971315933592223
billy_banks,justin_edwards,0.3319969307280182,0.36704417728230226,0.3009588919896796
billy_banks,kenneth_brown,0.3779726760994,0.33303255982594626,0.2889947640746539
bobby_flores,martin_payne,0.3508519491726179,0.30524881701155726,0.3438992338158248
bobby_flores,bradley_rush,0.3374289535086348,0.30749034681790716,0.3550806996734579
bradley_nelson,johnathan_velazquez,0.3616353964951563,0.28504163723956055,0.35332296626528303
bradley_rush,william_meyers,0.31338738957779605,0.3226879040913937,0.3639247063308104
brandi_duncan,laurie_wallace,0.344887119506993,0.3405915751389462,0.314521305354061
brandi_duncan,mrs._mary_hammond,0.3553984532221062,0.33145488369291215,0.3131466630849818
brandi_duncan,lauren_thomas_phd,0.3442379743012367,0.2938562122747006,0.36190581342406253
brandi_duncan,corey_burns,0.36629834217310336,0.3324205525432996,0.30128110528359686
brandi_meyer,stephanie_park,0.3524314645502202,0.2908609175312099,0.35670761791856986
brandon_meyer,gregory_foster,0.3626193115504977,0.3006706698477359,0.3367100186017664
brandon_meyer,michael_joseph,0.3596353602581258,0.30973324719083006,0.33063139255104407
brandon_meyers,hannah_anderson,0.3041381695383223,0.32404762021627254,0.3718142102454052
brandon_meyers,alex_perez,0.2776298248848288,0.3212372922614163,0.40113288285375476
brandon_meyers,jeff_ferguson,0.36551387783340084,0.3404928902922361,0.29399323187436294
brandy_garner,bradley_rush,0.32848134073320756,0.2987879426930568,0.37273071657373547
brandy_garner,franklin_carlson,0.3451117820271035,0.3663396694066568,0.2885485485662398
brandy_garner,michael_marsh,0.34508880624503924,0.30262464403983985,0.352286549715121
brandy_garner,elizabeth_vaughn,0.3238466204571407,0.29835966317749735,0.3777937163653619
brandy_sims,kristina_wilcox,0.33425293904831194,0.3543303000899537,0.31141676086173425
breanna_diaz,jennifer_simmons,0.3237201063955511,0.3299234537690627,0.3463564398353863
breanna_diaz,melissa_osborne,0.34866223524038353,0.3228405611126414,0.32849720364697493
breanna_diaz,michael_romero,0.32933130828992146,0.3234428998771154,0.34722579183296315
breanna_diaz,daisy_mcfarland,0.3468133891762297,0.32231445568534806,0.3308721551384222
brenda_benton,justin_riley,0.30787518551068316,0.36249987845239123,0.32962493603692566
brenda_benton,nathaniel_hood,0.29864067401749894,0.35096529863347,0.3503940273490311
brenda_benton,lauren_thomas_phd,0.37303981974420225,0.3409409774150757,0.28601920284072196
brenda_benton,carolyn_clark,0.3855696745386205,0.34202884564207825,0.2724014798193012
brenda_benton,debbie_fernandez,0.37438348477227723,0.3411251626042458,0.28449135262347686
brenda_benton,janet_foster,0.3167912817053156,0.3543870907088775,0.32882162758580696
brenda_benton,kerry_johnson,0.26156616465473903,0.3333468064629025,0.4050870288823581
brenda_harper,kenneth_williams,0.30538416625862047,0.36494581094039485,0.32967002280098484
brian_cortez,justin_young,0.3571509360342726,0.30887275885241805,0.3339763051133091
brian_hamilton,edward_gonzales,0.3026079937234579,0.30591933163180696,0.391472674644735
brian_hamilton,nicole_finley,0.32655463276180324,0.32015918968713797,0.3532861775510588
brian_hamilton,tony_johnson,0.3490592929296684,0.3111575889496956,0.3397831181206358
brian_jenkins,mrs._amy_white_phd,0.3303175468230877,0.3093858673449262,0.3602965858319863
brian_jenkins,jennifer_washington,0.31716085043891185,0.34443335689834886,0.3384057926627393
brian_jenkins,amanda_white,0.30120282323656133,0.3152609867471386,0.38353619001630007
brian_jenkins,matthew_barnes,0.32774830303480523,0.3020191869932993,0.37023250997189544
brian_jenkins,jennifer_simmons,0.30590988668327496,0.3131567989124885,0.38093331440423633
brian_jenkins,pamela_gibbs,0.3258876543998862,0.3014794513780069,0.372632894222107
brian_lopez,carmen_lopez,0.404863163740732,0.32454921247372864,0.27058762378553947
brian_lopez,theresa_white,0.34449300481255307,0.3580395119575464,0.2974674832299004
brian_lopez,corey_bender,0.3914080085626579,0.34413292707100385,0.26445906436633815
brian_lopez,meredith_rios,0.3729653773280617,0.3116332180190477,0.3154014046528906
brian_lopez,mikayla_nelson,0.3561137591653638,0.33197339407869153,0.31191284675594483
brian_lopez,rebecca_sandoval,0.3496965339937713,0.35317391885141797,0.2971295471548103
brian_lopez,caroline_branch,0.34506533532365663,0.3836134086826723,0.27132125599367085
brian_lopez,justin_burton,0.3694424502642524,0.332374562274138,0.2981829874616097
brian_olsen,brian_lopez,0.35033740024050763,0.3459890147021901,0.30367358505730213
brian_olsen,zachary_austin,0.3916627847738207,0.35540524395815165,0.2529319712680274
brian_olsen,brian_elliott,0.33649301017311667,0.38616838215781435,0.2773386076690689
brian_olsen,sherri_hart,0.2845495091681212,0.4529300166152258,0.2625204742166527
brian_olsen,kayla_nolan,0.355012491455662,0.3546666313107322,0.290320877233606
brian_olsen,sarah_wilkins,0.3748284533409136,0.3577818944760063,0.26738965218308014
brian_olsen,keith_scott,0.32781999196263467,0.35839778717740056,0.3137822208599646
brian_olsen,kelsey_ramirez,0.35843838266449335,0.3550371590075144,0.28652445832799217
brian_olsen,deanna_perry,0.35016983807026403,0.3513549439645059,0.29847521796523035
brian_olsen,corey_bender,0.36465636201538965,0.35016240187258657,0.28518123611202384
brian_olsen,julia_jones,0.34169171432874107,0.34677020313288476,0.31153808253837406
brian_olsen,russell_sutton,0.34698583904026975,0.369852717282173,0.2831614436775573
brian_olsen,hayley_moore,0.3685399855011968,0.3646793723069293,0.26678064219187386
brian_olsen,amy_miller,0.4082385595599932,0.3485374248928137,0.243224015547193
brian_olsen,patricia_reeves,0.38720583906127426,0.36101600490514224,0.2517781560335835
brian_olsen,andrew_terry,0.268294197889621,0.4625655139216676,0.2691402881887114
brian_olsen,joseph_snyder,0.39829185183668375,0.35365349780115996,0.24805465036215618
brittany_baldwin,michael_camacho,0.37381179956401794,0.3362516123771187,0.28993658805886335
brittany_phillips,kimberly_padilla,0.37475798296455576,0.3063049607197568,0.3189370563156875
brittney_harding,michael_powell,0.3584429178919478,0.2929205327622419,0.34863654934581007
brittney_harding,karen_walker,0.40731824318610926,0.28377738877491937,0.3089043680389713
brittney_harding,martha_ramirez,0.32542239579634874,0.2973273814072335,0.3772502227964177
brittney_harding,jennifer_obrien,0.3787821123213728,0.2882503299733872,0.3329675577052399
brittney_harding,danielle_marsh,0.39178655344508045,0.29900713928143613,0.30920630727348325
brittney_harding,tina_spears,0.34575843960643166,0.30829010733614387,0.34595145305742425
brittney_harding,jason_ochoa,0.36259098898562486,0.28755574660917066,0.3498532644052044
brittney_harding,jared_carter,0.3597552441899353,0.2966515735808255,0.3435931822292389
bruce_zuniga,joshua_butler,0.32164025369336535,0.31241402372194127,0.36594572258469316
bruce_zuniga,barbara_sullivan,0.29429982123362125,0.32482977785650363,0.38087040090987506
bruce_zuniga,jennifer_marshall,0.32797277036834105,0.3465610556458022,0.32546617398585687
bryan_barker,janet_aguirre,0.3117976903521073,0.3069775919040974,0.38122471774379524
bryan_barker,samuel_cooley,0.292764678858654,0.3255538559631991,0.3816814651781469
bryan_carpenter,jennifer_cox,0.36375093568966144,0.3154537592918225,0.32079530501851583
bryan_carpenter,raymond_west,0.3247994809066133,0.31036359083469006,0.3648369282586967
bryan_george,henry_poole,0.3634679052018605,0.3505794573123248,0.28595263748581456
bryan_george,mary_clark_dds,0.35281389874679053,0.35745161970389183,0.28973448154931775
bryan_gomez,chad_foster,0.3777292180241391,0.34280499215125076,0.27946578982461007
bryan_gomez,jorge_reynolds,0.39150751089099367,0.31558560729687773,0.29290688181212843
bryan_moore,brian_smith,0.3547664794723966,0.3239133578259514,0.32132016270165215
bryan_todd,pamela_williams,0.26805625658904425,0.39899084245003935,0.3329529009609161
bryce_cain,brianna_lopez,0.3642066952161223,0.2827529951882345,0.35304030959564325
caitlin_reeves,nathaniel_hood,0.31181467447677863,0.3337963408611951,0.3543889846620262
caitlin_rodriguez,martin_payne,0.31368551848151077,0.3016578271171276,0.3846566544013617
cameron_daniel,amanda_potts,0.3321677771053685,0.304091928790042,0.3637402941045895
carl_rollins,frank_burns,0.3269380837073071,0.3048763600481448,0.3681855562445481
carl_rollins,cynthia_pena,0.3302189596729927,0.3044872237130328,0.3652938166139744
carl_rollins,cynthia_carpenter,0.31184604499951624,0.3036463982758598,0.38450755672462394
carl_rollins,beverly_gay,0.36437109996526357,0.34233118434311977,0.2932977156916166
carl_rollins,timothy_tucker,0.34164039813354763,0.3051161507784353,0.3532434510880171
carl_rollins,sandra_thompson,0.3838386122315006,0.31765019429394975,0.2985111934745496
carl_rollins,gary_brooks,0.31329350495353997,0.3007195092361986,0.38598698581026136
carl_rollins,jessica_wade,0.2881892780224564,0.31228330391906867,0.39952741805847497
carlos_terry,anne_thompson,0.3498828905357525,0.3162827477734899,0.3338343616907575
carlos_terry,mary_parker,0.2837068160710995,0.33533512740843063,0.38095805652046955
carlos_terry,tim_hoffman,0.2725251612075139,0.3453186425629926,0.3821561962294933
carlos_terry,edward_collier,0.3222941312190221,0.3214000560789588,0.35630581270201905
carlos_terry,david_washington,0.33236967931113454,0.34947323956500365,0.3181570811238617
carlos_terry,shannon_ford,0.27370878815059446,0.436562499419351,0.2897287124300543
carlos_terry,leslie_moreno,0.2940063776838971,0.3677106890905299,0.33828293322557296
carlos_terry,vanessa_camacho,0.31587825518471097,0.31718707383778894,0.36693467097750004
carlos_terry,traci_rowland,0.33312858669191775,0.3127180416854195,0.3541533716226626
carlos_terry,luis_armstrong,0.30092162990802745,0.3270875263554612,0.371990843736511
carlos_terry,christopher_gilmore,0.29074851568306526,0.32918677947535385,0.38006470484158095
carlos_terry,paula_guerrero,0.2997265358858304,0.3235389286333465,0.3767345354808232
carlos_terry,walter_johnson,0.3033288831664253,0.3319757431790728,0.36469537365450183
carlos_terry,tiffany_perry,0.2877240490711678,0.31704418988055266,0.39523176104827945
carlos_terry,jesse_perry,0.3247755326812607,0.33582333674577697,0.3394011305729622
carlos_terry,sonya_bowers,0.281352560170386,0.31755420841136217,0.4010932314182516
carlos_terry,laura_salazar,0.3358434212651205,0.3194264341288094,0.3447301446060702
carly_sullivan,meagan_boyle,0.33743612547217283,0.33243474596099865,0.3301291285668287
carol_bush,cynthia_berry,0.29219313101676364,0.3732439242384284,0.3345629447448077
carol_harris,robert_barton,0.40383589477257115,0.30497894936038983,0.291185155867039
carol_harris,cynthia_dougherty,0.4056554657163668,0.31210125519575965,0.28224327908787356
carol_harris,frank_burns,0.3785353911093759,0.3147495101015419,0.30671509878908215
carol_harris,sandra_thompson,0.40862849469826623,0.3186687732357546,0.2727027320659794
carol_harris,jeremy_farmer_dds,0.3841843330675591,0.31363074293384474,0.30218492399859626
carol_harris,traci_cooper,0.40634553955046415,0.30839779212604457,0.28525666832349145
carol_harris,michael_stewart,0.40883671431302904,0.3047445438653392,0.2864187418216316
caroline_branch,nicole_ross,0.34755888076181785,0.3779095544446288,0.27453156479355323
caroline_branch,carmen_lopez,0.3751123959504752,0.40266262309549555,0.22222498095402948
caroline_branch,daniel_rangel,0.35496718163773555,0.41170003514448206,0.23333278321778245
caroline_branch,ashley_rogers,0.34403532692685074,0.4084504029146753,0.24751427015847385
caroline_branch,carolyn_campbell,0.3422204151018029,0.40131551761634043,0.2564640672818566
caroline_branch,stephanie_bell,0.33976907552157715,0.40358891516245143,0.2566420093159716
caroline_branch,mrs._mary_hammond,0.33418438498055203,0.3842431966051557,0.281572418414292
caroline_branch,kristina_wilcox,0.33455779429277693,0.4215627100451058,0.243879495662117
caroline_branch,danielle_williams_dds,0.34061784555767033,0.4044065099036203,0.2549756445387096
caroline_branch,jennifer_washington,0.2983727137362674,0.40128293306840357,0.3003443531953289
carolyn_barnes,carolyn_campbell,0.36095335702177117,0.3125947439430427,0.32645189903518607
carolyn_barnes,beverly_gay,0.3924822045511057,0.3405672895874569,0.26695050586143715
carolyn_barnes,james_webb,0.38214608573489883,0.2804935042402373,0.33736041002486394
carolyn_campbell,james_webb,0.40684941257258966,0.3074947348642363,0.28565585256317416
carolyn_campbell,jonathan_johnson,0.3504336073666045,0.31775824598602426,0.33180814664737107
carolyn_campbell,katherine_benson,0.31698310433272797,0.3330829035059646,0.3499339921613075
carolyn_campbell,rebecca_neal,0.3975452835189787,0.30821493835720265,0.29423977812381874
carolyn_campbell,frederick_hoffman,0.389128185846098,0.30856547058652034,0.3023063435673817
carolyn_clark,jennifer_miller,0.36208860355674427,0.30950230945040264,0.3284090869928531
carolyn_clark,jennifer_cunningham,0.36800078466636404,0.29181565655314473,0.34018355878049106
carolyn_clark,lauren_thomas_phd,0.36176207960520507,0.2784427328863027,0.35979518750849215
carolyn_clark,edward_gonzales,0.34768036247124384,0.29145964634212856,0.3608599911866277
carolyn_clark,kerry_johnson,0.3974863631162077,0.33679733609401996,0.2657163007897722
carolyn_clark,jeff_hines,0.372006291741899,0.3015478984241006,0.3264458098340008
carolyn_clark,patrick_morris,0.36787048640225994,0.29648628595610943,0.3356432276416307
carolyn_clark,kenneth_brown,0.3496167374094137,0.2944542191905754,0.3559290434000109
carrie_phillips,karen_walker,0.3755859574237666,0.2985842174735507,0.32582982510268277
carrie_phillips,martha_ramirez,0.31278102532984275,0.31620903469442047,0.3710099399757369
carrie_phillips,danielle_marsh,0.3640020203066908,0.3133869186725186,0.3226110610207904
carrie_phillips,jason_ochoa,0.3376436897196541,0.3031592947431296,0.3591970155372163
carrie_phillips,tina_spears,0.2700945479440291,0.3061019179563325,0.42380353409963833
