NodeID1,NodeID2,0,1,2
aaron_christian,marc_key,0.2596832450772568,0.3320936378600097,0.40822311706273345
aaron_christian,joseph_trevino,0.18741226165614605,0.437899038184822,0.37468870015903194
aaron_pope,annette_solis,0.2675183025920156,0.3310238249957893,0.4014578724121951
aaron_pope,carol_harris,0.2998185784503658,0.36661825367793033,0.33356316787170387
aaron_powell,jennifer_simmons,0.32502336093680634,0.2502834778876063,0.42469316117558736
aaron_powell,alicia_washington,0.38479490718984855,0.3122915741615586,0.30291351864859284
aaron_powell,ashley_johnson,0.4089310960720523,0.3151119158564021,0.2759569880715456
aaron_powell,jose_kennedy,0.3910551094177456,0.293967788607692,0.3149771019745624
aaron_powell,pamela_gibbs,0.41472899435663035,0.3237404497357436,0.26153055590762603
aaron_powell,justin_young,0.37905757923111255,0.31138165702258497,0.3095607637463025
aaron_powell,rachel_hinton,0.21071267110537498,0.29839842632693475,0.4908889025676903
adam_french,robin_coleman,0.3924063268552172,0.3362264245750108,0.27136724856977207
adam_king,charles_white,0.485515669832117,0.33001082178657826,0.18447350838130472
adam_king,brianna_wong,0.57297057110803,0.31851382877195344,0.10851560012001663
adam_king,elizabeth_kennedy,0.5708982752160368,0.32305540471305894,0.1060463200709043
adam_king,brandy_sims,0.5938223518451071,0.2886172812275466,0.11756036692734625
adam_king,kristina_wilcox,0.5660834104901477,0.32823484341907494,0.10568174609077738
adam_king,william_cruz,0.5672940012886487,0.32810938746597196,0.10459661124537935
adrian_barnes_dds,kyle_wang,0.31053062577455687,0.42961905269726897,0.25985032152817417
adrian_barnes_dds,matthew_lang,0.1838274643869099,0.3819770158966517,0.43419551971643844
adrian_king,samuel_hayes,0.5720550109759013,0.32489124127154423,0.10305374775255449
adrian_king,tina_smith,0.3081660658151497,0.4550557534215243,0.23677818076332596
adrian_king,christine_robertson,0.49665029222451623,0.2971634015868917,0.2061863061885921
adrian_king,crystal_smith,0.5955500377618446,0.29611091052938204,0.10833905170877339
adrian_king,cynthia_dougherty,0.3379732897270813,0.4289197092389324,0.23310700103398627
adrian_pineda,diana_lee,0.32480467580627204,0.2571927411476066,0.41800258304612137
alan_williams,john_cuevas_md,0.21760124816532456,0.43978089879331905,0.3426178530413564
alan_williams,jennifer_washington,0.3490459400523805,0.3754123469392781,0.2755417130083414
alan_williams,franklin_carlson,0.5682990174954845,0.30301662352600994,0.12868435897850558
alan_williams,ronald_thomas,0.2789368442679232,0.41092432709274695,0.31013882863932984
alan_williams,sydney_wagner,0.4387386698723651,0.34872588667749277,0.21253544345014214
alan_williams,eduardo_shields,0.20590853484203095,0.4358500624964169,0.3582414026615522
albert_turner,heather_bird,0.4328477852027452,0.36348253249797197,0.2036696822992828
albert_turner,trevor_ford,0.4348821230106024,0.3512098693121149,0.21390800767728266
albert_turner,michelle_owens,0.44931723869415435,0.4086519741376013,0.14203078716824438
albert_turner,nicole_stewart,0.2543674755729244,0.33479715751087413,0.4108353669162015
albert_turner,john_stewart,0.416687426507441,0.3390702609372339,0.2442423125553251
albert_turner,jerry_garcia,0.3980777237509391,0.2997270980937775,0.3021951781552834
albert_turner,raymond_allen,0.4283846645805842,0.34539693716597314,0.22621839825344264
albert_turner,rachel_martin,0.24400720975509738,0.44854118161492257,0.30745160862998006
albert_turner,rachel_wilson,0.38565534618409975,0.2871720657343657,0.32717258808153454
albert_turner,pamela_kelley,0.4206113316563014,0.317604763043806,0.2617839052998926
albert_turner,jeremy_parks,0.4111112489650476,0.3122650838241504,0.276623667210802
albert_turner,thomas_barnes,0.4187380546877674,0.3175267346195083,0.26373521069272426
albert_turner,traci_rowland,0.46643956965710803,0.38116614987189423,0.15239428047099773
alex_perez,laura_phillips,0.2786892589452905,0.2277077834381255,0.49360295761658396
alex_perez,debra_nolan_dds,0.30125393313897586,0.2543585384903033,0.4443875283707208
alex_perez,edward_collier,0.3329228192130012,0.2507291941713664,0.4163479866156324
alex_perez,jasmine_smith,0.43209528465072106,0.33072893643921447,0.2371757789100645
alexa_hernandez,alexander_wells,0.47169750823252493,0.36087771775570454,0.16742477401177053
alexa_hernandez,frank_burns,0.49836923592443366,0.3879670686434862,0.11366369543208014
alexa_hernandez,justin_young,0.486468853080638,0.36514982682240454,0.1483813200969575
alexa_hernandez,james_webb,0.45867680384562304,0.4434965300627809,0.09782666609159607
alexa_hernandez,carl_rollins,0.48932850692241425,0.3683984966078819,0.14227299646970387
alexa_hernandez,sandra_thompson,0.5038835286660848,0.38523643868572993,0.11088003264818531
alexa_hernandez,timothy_tucker,0.49627571216661687,0.3982777109693347,0.10544657686404846
alexa_hernandez,joshua_hernandez,0.477810157646122,0.3839537740806241,0.1382360682732539
alexander_perry,carolyn_campbell,0.19600866482412505,0.44609594447853046,0.3578953906973445
alexandra_chavez,cassandra_hernandez,0.3019182006882064,0.22944699142485234,0.46863480788694123
alexandria_jones,ashley_rogers,0.18979676961235525,0.39857999868590566,0.4116232317017391
alexandria_jones,kerry_johnson,0.18632864416067554,0.41959001160021253,0.3940813442391119
alexandria_jones,sierra_montoya,0.2667598846014366,0.27108205498103766,0.4621580604175257
alexandria_jones,joshua_hernandez,0.1887591689629805,0.4009479424034355,0.410292888633584
alexandria_jones,eric_odom,0.2157918534872884,0.4342530743682435,0.3499550721444681
alexis_conrad,jessica_wade,0.18574233340616267,0.4300585135844172,0.3841991530094201
alexis_robinson,sandra_rivas,0.41196424849651975,0.315660986729941,0.2723747647735392
alicia_walker,jack_lopez,0.2743598476879485,0.4037681903385142,0.32187196197353735
alicia_walker,michael_powell,0.3140256545453328,0.38951030246604046,0.2964640429886267
alicia_walker,michael_solomon,0.347861756216027,0.3802393894471936,0.2718988543367794
alicia_walker,ronald_thomas,0.19155199118341407,0.4420284476579678,0.3664195611586182
alicia_walker,shari_butler,0.21299730345017898,0.42816915576909775,0.35883354078072327
alicia_walker,robert_myers,0.4400569780466917,0.3874050658051071,0.1725379561482012
alicia_walker,randy_wheeler,0.19305224445769262,0.42526544200662136,0.381682313535686
alicia_walker,joseph_krause,0.24141343002493795,0.38548847319163354,0.3730980967834285
alicia_washington,justin_young,0.3374091988498519,0.34802687030862023,0.3145639308415279
alicia_washington,ashley_johnson,0.39720260006699293,0.3183448588409055,0.2844525410921015
alicia_washington,rodney_walker,0.37137626114118366,0.31801921912093306,0.31060451973788333
alison_moore,diana_stone,0.1951660028521461,0.46074169457318115,0.3440923025746727
alison_walker,alexander_munoz,0.3890608732615338,0.3440349590695527,0.26690416766891345
allen_bailey,raymond_adams,0.3149575675373462,0.35435554036416295,0.33068689209849084
allen_bailey,michelle_owens,0.4334090728693277,0.33031825332598735,0.23627267380468492
allen_bailey,gloria_murray_dvm,0.2832879726050536,0.2458536774227759,0.47085834997217046
allen_bailey,daniel_rangel,0.35848434506235766,0.2776497567620729,0.36386589817556947
allen_bailey,nicole_stewart,0.190667207875431,0.3863661850428168,0.4229666070817522
allen_bailey,ronald_thomas,0.24541869729872945,0.2594016417686137,0.49517966093265686
allison_cummings,troy_hughes,0.25240413572611065,0.30332414798151197,0.4442717162923774
allison_cummings,monica_carr,0.4513726275596074,0.2929540915327312,0.25567328090766134
allison_greene,gary_evans,0.19975774177089134,0.47266752320418515,0.3275747350249235
amanda_curtis,jimmy_moore,0.4082081752867179,0.3068110693080157,0.2849807554052664
amanda_jones,donald_thomas,0.3883426017542998,0.2879114811031185,0.3237459171425817
amanda_jones,veronica_gibson,0.32641604405864355,0.24698048816012663,0.42660346778122976
amanda_morgan,christopher_mendoza,0.1943726776164189,0.365352203616916,0.4402751187666651
amanda_morgan,karen_harris,0.31903762741929714,0.28781649788530017,0.3931458746954027
amanda_morgan,kevin_wade,0.20337234830232073,0.2820385334090675,0.5145891182886118
amanda_morgan,jonathan_snyder,0.23745459094280333,0.26727841980558464,0.49526698925161206
amanda_morgan,natalie_young,0.21020914366088006,0.26172506152460356,0.5280657948145164
amanda_murphy,carmen_lopez,0.5596320158976998,0.3316601527127935,0.1087078313895067
amanda_perry,david_rodriguez,0.3204442809307887,0.3328516593276297,0.3467040597415816
amanda_perry,john_zuniga,0.42954417137363415,0.34179137209655286,0.228664456529813
amanda_perry,ryan_hartman,0.2225797788956731,0.27411956849255253,0.5033006526117744
amanda_perry,lauren_thomas_phd,0.4406713379545356,0.34937284040955846,0.2099558216359059
amanda_perry,tina_fields,0.3346687362199117,0.24203890740356193,0.42329235637652635
amanda_perry,brandi_duncan,0.3735193940102366,0.2752341868687546,0.35124641912100885
amanda_perry,dr._samuel_sharp_dds,0.18765129669634248,0.3655901657768375,0.44675853752682004
amanda_perry,nicole_stewart,0.2109700353812469,0.32711147240886107,0.461918492209892
amanda_quinn,jeffrey_king,0.284677526125634,0.3449977665890938,0.37032470728527217
amanda_quinn,stephanie_mosley,0.2073932927042016,0.3143621525646618,0.4782445547311366
amanda_quinn,matthew_rojas,0.25036163129817707,0.36542588806170734,0.3842124806401156
amanda_quinn,deborah_baker,0.24941692112070007,0.44109464831889034,0.3094884305604096
amanda_smith,bryan_george,0.21835093505734338,0.48413091995843544,0.2975181449842212
amanda_smith,sarah_wilkins,0.39090551175754745,0.33013916447653024,0.2789553237659223
amanda_smith,henry_poole,0.34359665263810335,0.3446620697802838,0.31174127758161285
amanda_smith,benjamin_cole,0.43047402957996317,0.3340781012839505,0.2354478691360863
amanda_spears,barbara_nunez,0.2834417023511391,0.29926813535311086,0.41729016229575006
amanda_spears,jasmine_smith,0.46421319911128756,0.39562186352918,0.14016493735953245
amanda_thompson,allen_bailey,0.31988870811418985,0.2993823204856051,0.3807289714002051
amanda_white,michael_price,0.1940902307061805,0.3085314310901303,0.49737833820368915
amanda_white,matthew_barnes,0.3224674055544261,0.25802399179955526,0.41950860264601864
amanda_white,ruben_mccoy_phd,0.3344455750823109,0.25304654448825903,0.4125078804294301
amanda_white,kevin_kelly,0.21065462581158528,0.41686465180267607,0.37248072238573865
amanda_white,anthony_stephens,0.4379196075883869,0.3315921388434283,0.2304882535681848
amanda_white,kevin_wade,0.23412964676674664,0.24674513417577965,0.5191252190574738
amanda_white,brian_elliott,0.18827826126499636,0.4101297724376565,0.40159196629734717
amber_bennett,raymond_allen,0.38393048509440625,0.2867598614957425,0.3293096534098513
amber_bennett,albert_turner,0.40596083504495806,0.3046649402205224,0.28937422473451957
amber_bennett,trevor_ford,0.38788294847570687,0.33358046975190886,0.2785365817723843
amber_bennett,andrew_grimes,0.31318685367143745,0.23985363472958002,0.44695951159898256
amber_bennett,pamela_kelley,0.36997215164746233,0.2716945275384617,0.358333320814076
amber_bennett,jerry_garcia,0.34192405462249525,0.24618965185085193,0.41188629352665285
amber_bennett,rachel_martin,0.3154581635135742,0.41369837881229343,0.27084345767413237
amber_bennett,paula_guerrero,0.34681567010840747,0.2508033851746046,0.40238094471698793
amber_bennett,thomas_barnes,0.3653042240988877,0.2657727729428562,0.36892300295825614
amber_bennett,nicole_stewart,0.22413868203384782,0.3082016701095788,0.4676596478565734
amber_hernandez_dvm,justin_knight,0.21833746565260162,0.2647413276327277,0.5169212067146707
amber_wright,trevor_ford,0.5946773140810468,0.29075280001798326,0.11456988590096989
amber_wright,joshua_smith,0.563902865488581,0.3297723755435176,0.10632475896790128
amy_fletcher,angela_marshall,0.373217233348556,0.2731848802122697,0.35359788643917434
amy_miller,brian_elliott,0.24637485048822735,0.4005953636167204,0.35302978589505224
amy_miller,hayley_moore,0.4641884258082732,0.351262570612253,0.18454900357947382
amy_miller,raymond_allen,0.481622656095579,0.361440784492385,0.15693655941203596
amy_miller,zachary_austin,0.48386573245285175,0.40583417736812666,0.11030009017902156
amy_miller,gary_brooks,0.4919739731707735,0.3722659068102186,0.1357601200190079
amy_miller,michael_solomon,0.49056860022059784,0.4051985036508407,0.10423289612856146
amy_miller,darrell_pineda,0.27993073072837565,0.342631725504823,0.37743754376680133
amy_miller,patricia_reeves,0.49285233634872816,0.36973157730163725,0.13741608634963456
amy_miller,julia_jones,0.35859567060035585,0.3828681233184348,0.2585362060812093
andrea_davis,jamie_bennett,0.32554317496889185,0.26722690648951264,0.40722991854159546
andrea_davis,patrick_ramsey,0.42431940544132013,0.34461919550914477,0.23106139904953507
andrea_davis,paul_walker,0.35656647696816474,0.31080438980051195,0.3326291332313233
andrea_davis,maria_jackson,0.4495928532758378,0.34089298239411603,0.2095141643300462
andrea_davis,william_delacruz,0.3904605934622752,0.28985864449159415,0.31968076204613066
andrea_davis,daniel_morris,0.20134848549284787,0.42439865180473746,0.37425286270241465
andrea_davis,faith_bennett,0.44945791520445766,0.43100805475451015,0.11953403004103216
andrea_robinson,julie_gibson,0.46230614124182234,0.36316791708292123,0.17452594167525645
andrea_robinson,ryan_gross,0.2533036040668808,0.25456571445402254,0.49213068147909667
andrea_robinson,teresa_cardenas,0.35937662521699687,0.3574717500322033,0.28315162475079986
andrew_alexander,michael_khan_dds,0.39773233753279696,0.29642165857293723,0.3058460038942658
andrew_alexander,anthony_martin,0.21310449354858985,0.35401949136682415,0.432876015084586
andrew_alexander,james_martin,0.306104430245856,0.34599239687111843,0.3479031728830256
andrew_alexander,george_wade,0.2608707218453438,0.32305148726662736,0.4160777908880288
andrew_alexander,nicholas_barrett,0.22339600767487394,0.36436035530326727,0.41224363702185884
andrew_alexander,samantha_shaffer,0.23477523523564028,0.3504324271088386,0.4147923376555211
andrew_alexander,joshua_branch,0.275048366615123,0.3422448086946045,0.3827068246902725
andrew_alexander,john_larson,0.32989969554437243,0.37770108605115355,0.292399218404474
andrew_bennett,jerry_bradley_md,0.22737834553306316,0.4672243755381485,0.3053972789287883
andrew_bennett,ashley_rogers,0.247860611329057,0.4585270753705707,0.2936123133003723
andrew_bennett,william_castro,0.5663464648956154,0.32873674872070063,0.10491678638368399
andrew_bennett,courtney_clark,0.5630451772924816,0.29365551144636765,0.14329931126115072
andrew_bennett,kyle_young,0.27863833417471845,0.44586886518460606,0.2754928006406755
andrew_bennett,alexandria_jones,0.32853387243589194,0.41184988795799776,0.2596162396061103
andrew_bennett,linda_todd,0.23094368778714047,0.46429912698258713,0.30475718523027234
andrew_bennett,eric_odom,0.454458556109399,0.34692661100419525,0.19861483288640575
andrew_black,kevin_may,0.38963590393204517,0.2894621309787254,0.3209019650892294
andrew_black,jennifer_cox,0.39941115420115564,0.33662489201508206,0.26396395378376225
andrew_black,janet_foster,0.2878662157200198,0.23998800063347578,0.47214578364650445
andrew_black,christopher_anderson,0.35257890471383846,0.32161346348786024,0.3258076317983013
andrew_black,angela_cordova,0.18972159276595438,0.4085404322211524,0.4017379750128932
andrew_black,jamie_bennett,0.22345747150923106,0.2762534845395358,0.5002890439512332
andrew_black,christopher_marquez,0.4434323000591744,0.34459487474254036,0.21197282519828528
andrew_black,sandra_thompson,0.42749130937326263,0.3277470474750652,0.24476164315167215
andrew_black,brandon_meyers,0.29123928709711505,0.25705590951042273,0.4517048033924622
andrew_black,david_ruiz,0.3209067357918955,0.4292419716124974,0.2498512925956071
andrew_grimes,thomas_barnes,0.3343374659849219,0.24252865656907227,0.4231338774460058
andrew_grimes,jerry_garcia,0.2994835362082671,0.24358588292933828,0.4569305808623946
andrew_grimes,pamela_kelley,0.3390536775640795,0.24819484226942984,0.41275148016649066
andrew_grimes,raymond_allen,0.3460523631236897,0.2699159588140935,0.3840316780622168
andrew_grimes,trevor_ford,0.3667775159419688,0.3181858847971612,0.31503659926087
andrew_james,melissa_mclean,0.31415522985204036,0.2377259953662364,0.44811877478172324
andrew_james,dr._samuel_sharp_dds,0.18642144354168796,0.41149642185673674,0.40208213460157527
andrew_james,jared_johnson,0.22848716612977038,0.4481617681379636,0.323351065732266
andrew_lewis,heather_bird,0.38649531753282856,0.29815274014828863,0.3153519423188828
andrew_perez,kara_medina,0.22200447864648296,0.4207025657136273,0.3572929556398898
andrew_perez,jared_johnson,0.250311324918156,0.4437835568307026,0.3059051182511414
andrew_perez,jennifer_li,0.22220602633155692,0.2703302480481487,0.5074637256202944
andrew_perez,andrew_terry,0.46228530952147695,0.29168256729987163,0.2460321231786514
andrew_perez,crystal_mejia,0.19078803130171695,0.4202540295065402,0.3889579391917428
andrew_perez,wesley_molina,0.20344011294028067,0.32890729241450867,0.46765259464521064
andrew_perez,trevor_young,0.1871245080125711,0.4182548677926337,0.3946206241947952
andrew_perez,annette_solis,0.27396700217362635,0.21965400390878062,0.506378993917593
andrew_terry,amber_hernandez,0.4386341064544686,0.2977673092900615,0.2635985842554699
andrew_terry,ariel_duran,0.4384017017563781,0.2948175001352398,0.2667807981083821
andrew_terry,robert_tran,0.463733446729365,0.30214534427023204,0.23412120900040295
andrew_terry,jennifer_lynch,0.46512061015973405,0.29086356443998634,0.2440158254002796
andrew_terry,laura_perry,0.48270094597827007,0.3122479457587516,0.20505110826297832
andrew_terry,keith_scott,0.42173778327751105,0.29182037112359854,0.2864418455988904
andrew_terry,jeffery_clark,0.42655784482127435,0.3010034016945848,0.27243875348414087
andrew_terry,mark_fuller,0.4457563678043663,0.29968309937390986,0.2545605328217238
andrew_weaver,caitlin_reeves,0.22082875266414873,0.38628392226813274,0.39288732506771856
angela_cordova,amanda_cohen,0.24790932770738466,0.3573220289392656,0.3947686433533497
angela_cordova,jennifer_obrien,0.2785801207562601,0.39442297085048245,0.32699690839325746
angela_cordova,aaron_pope,0.188859435589961,0.43368264160157793,0.3774579228084611
angela_cordova,brandon_meyers,0.18661519244802438,0.4356232976397758,0.3777615099121998
angela_cordova,john_cuevas_md,0.20143488211430818,0.39240818687250834,0.4061569310131835
angela_cordova,gregory_foster,0.1928912397270496,0.40308144539786184,0.40402731487508853
angela_cordova,zachary_austin,0.25465216448995504,0.36954706520012637,0.37580077030991854
angela_cordova,annette_solis,0.18698077036069016,0.4143415949943856,0.39867763464492423
angela_jones,carrie_phillips,0.2886949296685119,0.36038352034005466,0.35092154999143343
angela_jones,amanda_morgan,0.22022059831203503,0.36550628388352413,0.4142731178044408
angela_jones,james_long,0.3576627837075228,0.32796947326933046,0.3143677430231468
angela_patterson,jeremy_cooper,0.2970738453693366,0.3750631618828419,0.32786299274782144
angela_patterson,veronica_collier,0.46721691093914863,0.39712405771239884,0.1356590313484525
angela_vargas,mrs._amy_white_phd,0.44159143765080805,0.37579352987784853,0.18261503247134342
anne_french,jessica_simon,0.46516065590826006,0.4308463061623429,0.10399303792939704
anne_french,corey_bender,0.40371262574810385,0.36423643359099017,0.232050940660906
anne_thompson,laura_salazar,0.4518987933213124,0.4059984111448935,0.14210279553379415
anne_thompson,edward_collier,0.465709019109446,0.363520501635531,0.17077047925502298
anne_thompson,vanessa_camacho,0.45405024907994934,0.38808513420725743,0.15786461671279323
anne_thompson,walter_johnson,0.36518567551317865,0.32587671217246567,0.3089376123143557
anne_thompson,michael_brown,0.4495455785531287,0.38236497775592454,0.16808944369094675
anne_thompson,darrell_roberson,0.4315526621972962,0.3464875804156146,0.22195975738708915
anne_thompson,shannon_ford,0.5395237244389486,0.3382727246464447,0.12220355091460676
annette_mcclure,lisa_chung,0.3992071885459333,0.3475687259772987,0.253224085476768
anthony_bird,holly_crane,0.3012429166753776,0.22949605308143098,0.46926103024319143
anthony_bird,rachel_wilson,0.2592765992122222,0.22951544866947798,0.5112079521182998
anthony_crane,kenneth_gross,0.34670381199975175,0.2539381358449579,0.39935805215529036
anthony_crane,aaron_pope,0.31596669295076774,0.2973892089857068,0.38664409806352545
anthony_crane,lisa_chung,0.47541511298311445,0.3754411438681642,0.1491437431487214
anthony_crane,jason_haynes,0.3566342819658724,0.2575962487574732,0.3857694692766544
anthony_martin,george_wade,0.22481324190815252,0.25228190512813786,0.5229048529637096
anthony_martin,joshua_branch,0.23957328182129087,0.2562231215709245,0.5042035966077847
anthony_martin,gary_barrett,0.300520547966312,0.2665621347473204,0.4329173172863677
anthony_martin,nicholas_barrett,0.1997771830263179,0.3052132732682442,0.49500954370543787
anthony_martin,megan_james,0.35510518149642717,0.27402383965923066,0.3708709788443421
anthony_parker,daniel_morris,0.19185229337164802,0.44230637999426076,0.36584132663409125
anthony_parker,jennifer_torres,0.375711544669261,0.2906111768607677,0.33367727846997125
anthony_randall,patricia_brown,0.5603274246675757,0.29395906584269516,0.1457135094897291
anthony_randall,ashley_rogers,0.21922289313998317,0.29808381116642974,0.4826932956935871
anthony_stephens,carol_harris,0.49265551955461695,0.37051107758008867,0.13683340286529438
anthony_stephens,sandra_thompson,0.4903470564307795,0.40632650984902435,0.10332643372019609
anthony_stephens,michael_stewart,0.44595345599916736,0.44810535237636084,0.10594119162447181
anthony_stephens,frank_burns,0.46730671507907784,0.4165750683053479,0.11611821661557421
anthony_stephens,robert_barton,0.44140457499393926,0.4479329453851322,0.11066247962092857
anthony_stephens,cynthia_dougherty,0.4656228733823967,0.4349076470552414,0.0994694795623619
antonio_cooper,jacob_torres,0.46722772444370586,0.41197521052471053,0.12079706503158358
antonio_cooper,micheal_humphrey,0.42566531081810177,0.3272679272774243,0.2470667619044739
april_soto,bobby_flores,0.4198127106400421,0.34245635837154026,0.23773093098841766
april_soto,shawn_smith_dds,0.4536856998556431,0.35277417888235735,0.19354012126199957
april_turner,connie_fisher,0.43501496789241917,0.3601838957520743,0.20480113635550654
april_turner,robin_coleman,0.1908263970657979,0.37562930747841583,0.43354429545578627
april_turner,hailey_solomon,0.18529167475782643,0.39259033479900224,0.42211799044317133
ariel_duran,mary_clark_dds,0.5675483199177301,0.32682004108427837,0.10563163899799154
ariel_duran,bryan_george,0.5652954911212701,0.29284876322234227,0.14185574565638767
arthur_scott,michael_camacho,0.4508956372326161,0.37318574012645694,0.17591862264092695
ashley_arnold_md,jaime_rodriguez,0.4690195413745661,0.35630230238342925,0.17467815624200467
ashley_johnson,justin_young,0.40769646193064696,0.31228641627023673,0.2800171217991163
ashley_kemp,jody_martinez,0.4657636038816105,0.3933861391518885,0.140850256966501
ashley_rogers,brian_elliott,0.18748489635849563,0.4368478632539838,0.3756672403875206
ashley_rogers,sonya_bowers,0.28935341484871824,0.3050856367998868,0.40556094835139495
ashley_rogers,mrs._mary_hammond,0.2117872764843623,0.40541727922886533,0.38279544428677237
ashley_rogers,kenneth_gross,0.29557259930034435,0.2953935153581344,0.40903388534152124
ashley_rogers,rachel_davis_dvm,0.20676997319975693,0.44654211014804956,0.3466879166521935
ashley_rogers,david_washington,0.1960019016315374,0.42524390479892704,0.3787541935695355
ashley_rogers,deanna_perry,0.24869400976891362,0.3569555497660044,0.394350440465082
ashley_rogers,jamie_bennett,0.19631362148591372,0.35353734963067757,0.45014902888340874
austin_morrison,david_washington,0.2786586640288616,0.3822333958377241,0.3391079401334144
barbara_nunez,kenneth_allen,0.30970927103030177,0.29424754959232846,0.3960431793773697
barbara_nunez,jay_walsh,0.32343560321624415,0.2917823993569799,0.38478199742677593
barbara_nunez,lindsay_moore,0.1899954157169912,0.4487312745899136,0.36127330969309523
barbara_nunez,carol_harris,0.26868422043217666,0.36089918404979016,0.3704165955180332
barbara_sullivan,jill_sharp,0.3826490028784693,0.2836592683440552,0.33369172877747544
barbara_sullivan,joshua_butler,0.41759575099800483,0.3145713091640356,0.2678329398379596
barbara_sullivan,jennifer_marshall,0.20633665631561637,0.37830759131521363,0.41535575236917
barbara_sullivan,brandi_meyer,0.44276770226927153,0.33915656216092976,0.21807573556979873
barry_dickerson,antonio_cooper,0.4542680008049498,0.34641156394055905,0.19932043525449117
barry_dickerson,corey_burns,0.4143572653416547,0.3141438326419047,0.27149890201644067
barry_dickerson,cesar_elliott,0.24234187653513464,0.3964683610122694,0.361189762452596
barry_dickerson,micheal_humphrey,0.42570222979770383,0.34003994744163224,0.23425782276066395
barry_dickerson,alexa_hernandez,0.4527919913383248,0.4409016364951482,0.10630637216652698
benjamin_anderson,kimberly_thomas,0.5903335863027931,0.30523411186319116,0.10443230183401575
benjamin_cole,haley_patrick,0.3374451266648031,0.304301413363184,0.3582534599720129
benjamin_jones,andrew_black,0.3802669813236074,0.34041700490223953,0.279316013774153
benjamin_jones,harry_mcguire,0.2394365916612805,0.3813849095247933,0.3791784988139262
benjamin_jones,erica_thomas,0.46632814116777416,0.3530305748476456,0.18064128398458024
benjamin_jones,jennifer_cox,0.4612126833871175,0.3620277356079436,0.1767595810049389
benjamin_jones,brandi_meyer,0.49301160338606526,0.36910394745336317,0.13788444916057158
beverly_gay,matthew_bryant,0.21717700534035006,0.2563628121001085,0.5264601825595415
bill_woodard,carol_harris,0.3037689477498742,0.32482008694283315,0.3714109653072927
billy_banks,michael_brown,0.2978416324526171,0.3849122250494783,0.3172461424979046
billy_banks,lauren_ramirez,0.22379365070627838,0.4250420653485981,0.3511642839451235
billy_banks,stephanie_mosley,0.21453479368021208,0.41743212652952943,0.3680330797902585
billy_banks,jennifer_morales,0.3867966616944491,0.31275477377546196,0.30044856453008895
billy_banks,justin_burton,0.28532032917832645,0.3718155744109457,0.3428640964107278
billy_banks,justin_edwards,0.27819828206030367,0.4414483198545295,0.28035339808516685
billy_banks,kenneth_brown,0.27877609824416233,0.37603951375034017,0.3451843880054975
bobby_flores,martin_payne,0.44208117989155205,0.3386485839863754,0.21927023612207258
bobby_flores,bradley_rush,0.4183771567189987,0.3156776097193598,0.26594523356164146
bradley_nelson,johnathan_velazquez,0.45974457201753316,0.4236019372615335,0.1166534907209333
bradley_rush,william_meyers,0.2859079324304044,0.2618753435131709,0.4522167240564247
brandi_duncan,laurie_wallace,0.20425863721749535,0.3918771122658412,0.4038642505166634
brandi_duncan,mrs._mary_hammond,0.2866930376971544,0.33465818751035664,0.378648774792489
brandi_duncan,lauren_thomas_phd,0.45387708124628784,0.3872087114126427,0.1589142073410695
brandi_duncan,corey_burns,0.2724817524398357,0.35966990805335425,0.36784833950681006
brandi_meyer,stephanie_park,0.4598884810720585,0.4023444256025532,0.13776709332538836
brandon_meyer,gregory_foster,0.4636715261797413,0.3655774233832238,0.17075105043703495
brandon_meyer,michael_joseph,0.4339932516635668,0.3286128612424253,0.23739388709400794
brandon_meyers,hannah_anderson,0.2646969585729856,0.2578875268110393,0.4774155146159751
brandon_meyers,alex_perez,0.2519905534190968,0.23349183512051508,0.5145176114603881
brandon_meyers,jeff_ferguson,0.21994830720169978,0.408047415324214,0.3720042774740862
brandy_garner,bradley_rush,0.43389120456216895,0.3524300088082234,0.21367878662960763
brandy_garner,franklin_carlson,0.26410749096271285,0.45381386695739845,0.2820786420798887
brandy_garner,michael_marsh,0.4433082863307672,0.3460486251227764,0.2106430885464564
brandy_garner,elizabeth_vaughn,0.42967811029531355,0.3506748160471916,0.2196470736574949
brandy_sims,kristina_wilcox,0.19573555626578348,0.4528304234564477,0.3514340202777688
breanna_diaz,jennifer_simmons,0.23169267291377033,0.3119491715567409,0.4563581555294888
breanna_diaz,melissa_osborne,0.32330299150007424,0.3031022263222952,0.37359478217763054
breanna_diaz,michael_romero,0.3017360851100373,0.28052878230364664,0.4177351325863161
breanna_diaz,daisy_mcfarland,0.3219512876719426,0.30011338120174874,0.37793533112630867
brenda_benton,justin_riley,0.25497341248965305,0.43588369503781144,0.3091428924725355
brenda_benton,nathaniel_hood,0.19663715008886104,0.4238069128526178,0.3795559370585212
brenda_benton,lauren_thomas_phd,0.22311931833575546,0.41806797348381575,0.35881270818042876
brenda_benton,carolyn_clark,0.22671998253673428,0.43607331456632814,0.33720670289693755
brenda_benton,debbie_fernandez,0.22349456313298974,0.4201127413366626,0.35639269553034764
brenda_benton,janet_foster,0.19896914904599267,0.44168009763601956,0.35935075331798777
brenda_benton,kerry_johnson,0.1924316128269843,0.3146969877477169,0.4928713994252988
brenda_harper,kenneth_williams,0.28195069266424677,0.42628544427508497,0.29176386306066826
brian_cortez,justin_young,0.4352217298393647,0.3294186981127775,0.23535957204785773
brian_hamilton,edward_gonzales,0.3788814522608626,0.2795926286412975,0.34152591909783986
brian_hamilton,nicole_finley,0.32287405433665434,0.2724563248566929,0.40466962080665275
brian_hamilton,tony_johnson,0.41438645804656726,0.3134595193081594,0.27215402264527333
brian_jenkins,mrs._amy_white_phd,0.40044860346665717,0.2990727297928012,0.30047866674054163
brian_jenkins,jennifer_washington,0.1851141879762665,0.3938881461319805,0.420997665891753
brian_jenkins,amanda_white,0.32229358821467835,0.2443579535871844,0.4333484581981373
brian_jenkins,matthew_barnes,0.42583615717858003,0.33365090981030804,0.24051293301111193
brian_jenkins,jennifer_simmons,0.3432216977636151,0.2539583701834853,0.40281993205289957
brian_jenkins,pamela_gibbs,0.42499705228558415,0.33448648093594785,0.240516466778468
brian_lopez,carmen_lopez,0.375460712259591,0.36631752048145444,0.2582217672589545
brian_lopez,theresa_white,0.2082948588744873,0.4648255566574613,0.3268795844680514
brian_lopez,corey_bender,0.22402220179430246,0.44975018527938515,0.32622761292631236
brian_lopez,meredith_rios,0.43078062360751,0.3308067432968031,0.23841263309568692
brian_lopez,mikayla_nelson,0.28436421863883227,0.33764388612586516,0.3779918952353025
brian_lopez,rebecca_sandoval,0.19330034169051766,0.45915150845539787,0.3475481498540845
brian_lopez,caroline_branch,0.4654959041970471,0.3464858286873856,0.18801826711556727
brian_lopez,justin_burton,0.27584831227734563,0.3630001188055456,0.36115156891710876
brian_olsen,brian_lopez,0.19325043067624106,0.4276018495073407,0.3791477198164182
brian_olsen,zachary_austin,0.21282517347254043,0.48635666388257387,0.3008181626448857
brian_olsen,brian_elliott,0.5018528926950233,0.3245440152225281,0.1736030920824485
brian_olsen,sherri_hart,0.5018842290171693,0.30592088550842805,0.1921948854744026
brian_olsen,kayla_nolan,0.19724894064013906,0.466160462601154,0.33659059675870695
brian_olsen,sarah_wilkins,0.21080125951738202,0.48149451550530764,0.3077042249773103
brian_olsen,keith_scott,0.21339636108937962,0.45413615083693554,0.33246748807368487
brian_olsen,kelsey_ramirez,0.19862111133657462,0.46884160621426396,0.3325372824491614
brian_olsen,deanna_perry,0.19079229907401857,0.4528503844160053,0.35635731650997615
brian_olsen,corey_bender,0.1953836259171001,0.4579746688225909,0.34664170526030896
brian_olsen,julia_jones,0.1886050394559402,0.4262571235473713,0.3851378369966885
brian_olsen,russell_sutton,0.29828501449083694,0.4396585996234371,0.2620563858857259
brian_olsen,hayley_moore,0.24650165137293806,0.47217924448038534,0.2813191041466766
brian_olsen,amy_miller,0.2244162271550732,0.4773685122895254,0.2982152605554014
brian_olsen,patricia_reeves,0.22900787303443135,0.48564838672969085,0.28534374023587783
brian_olsen,andrew_terry,0.46255172907646247,0.2914849808106833,0.24596329011285423
brian_olsen,joseph_snyder,0.21468035442672678,0.48629409822307257,0.29902554735020065
brittany_baldwin,michael_camacho,0.25170291651269583,0.38982783697808027,0.3584692465092239
brittany_phillips,kimberly_padilla,0.46149747634388877,0.3502543988983522,0.18824812475775907
brittney_harding,michael_powell,0.4646717950513476,0.3960007389595037,0.13932746598914866
brittney_harding,karen_walker,0.46968428396394274,0.4319567362619092,0.09835897977414804
brittney_harding,martha_ramirez,0.4329674351714973,0.35733798681560325,0.20969457801289948
brittney_harding,jennifer_obrien,0.471756150521792,0.41592329199038186,0.11232055748782616
brittney_harding,danielle_marsh,0.48589882733499906,0.38071163796229646,0.13338953470270448
brittney_harding,tina_spears,0.4243919460205618,0.32043308190228154,0.25517497207715667
brittney_harding,jason_ochoa,0.46348003650607883,0.41572857239622046,0.12079139109770072
brittney_harding,jared_carter,0.46519639372341165,0.3812496754796253,0.15355393079696308
bruce_zuniga,joshua_butler,0.3711437263060626,0.2765257798911902,0.3523304938027472
bruce_zuniga,barbara_sullivan,0.24807396073907895,0.254976099200334,0.49694994006058707
bruce_zuniga,jennifer_marshall,0.1851040146662529,0.4159527579263645,0.3989432274073826
bryan_barker,janet_aguirre,0.3868553468624873,0.28646457814379167,0.326680074993721
bryan_barker,samuel_cooley,0.24223278535133727,0.2575589344281689,0.5002082802204938
bryan_carpenter,jennifer_cox,0.39733784850521026,0.3165932026609227,0.28606894883386697
bryan_carpenter,raymond_west,0.38670697033349927,0.28730883911144456,0.3259841905550562
bryan_george,henry_poole,0.19485121829877197,0.45877000928343126,0.3463787724177968
bryan_george,mary_clark_dds,0.205812558992077,0.46943677068756506,0.3247506703203579
bryan_gomez,chad_foster,0.21845199260017564,0.43276894068906413,0.34877906671076025
bryan_gomez,jorge_reynolds,0.441419642821796,0.3445635612653199,0.21401679591288408
bryan_moore,brian_smith,0.3298122386686228,0.3120917292019711,0.3580960321294061
bryan_todd,pamela_williams,0.5790280110561823,0.304266569905258,0.11670541903855967
bryce_cain,brianna_lopez,0.45744741595600197,0.4300694683662901,0.11248311567770787
caitlin_reeves,nathaniel_hood,0.21304551327068888,0.3186505259126251,0.468303960816686
caitlin_rodriguez,martin_payne,0.4099095300609061,0.3198479847256804,0.27024248521341354
cameron_daniel,amanda_potts,0.42457574288922906,0.32643890640172574,0.24898535070904518
carl_rollins,frank_burns,0.41553532461798987,0.31656776331034253,0.2678969120716676
carl_rollins,cynthia_pena,0.42120629757819433,0.32276493242252186,0.2560287699992838
carl_rollins,cynthia_carpenter,0.40106020588162644,0.305610348867901,0.2933294452504725
carl_rollins,beverly_gay,0.21171623290328412,0.41753596447038965,0.37074780262632623
carl_rollins,timothy_tucker,0.4308217990064978,0.32878436361276936,0.24039383738073283
carl_rollins,sandra_thompson,0.4202625411865269,0.33766897984457833,0.24206847896889477
carl_rollins,gary_brooks,0.412030866484735,0.32497108975808375,0.2629980437571812
carl_rollins,jessica_wade,0.3220041344090073,0.23482094172401216,0.4431749238669805
carlos_terry,anne_thompson,0.3645524492400961,0.2981680967887318,0.3372794539711721
carlos_terry,mary_parker,0.1928603412080544,0.3231210733537983,0.4840185854381473
carlos_terry,tim_hoffman,0.19168568496004407,0.38983496767381454,0.4184793473661414
carlos_terry,edward_collier,0.3080398855909468,0.26871685244326915,0.42324326196578405
carlos_terry,david_washington,0.18611837234104295,0.4335334271540082,0.38034820050494883
carlos_terry,shannon_ford,0.5397949826717009,0.32448395025760307,0.135721067070696
carlos_terry,leslie_moreno,0.3237639272782683,0.4050219187520438,0.27121415396968784
carlos_terry,vanessa_camacho,0.33064969874907124,0.25973171605595125,0.4096185851949775
carlos_terry,traci_rowland,0.3854546891391827,0.2903358562015848,0.32420945465923257
carlos_terry,luis_armstrong,0.24173531723977043,0.2690977599337073,0.48916692282652224
carlos_terry,christopher_gilmore,0.2206845388412095,0.2776327867963227,0.5016826743624678
carlos_terry,paula_guerrero,0.2633115354389996,0.25262512653831226,0.48406333802268814
carlos_terry,walter_johnson,0.21648079799052086,0.30061978160944125,0.4828994204000379
carlos_terry,tiffany_perry,0.2908066512089926,0.23045242544933964,0.4787409233416678
carlos_terry,jesse_perry,0.2106100178205016,0.3435606038218787,0.4458293783576197
carlos_terry,sonya_bowers,0.2793890602026754,0.22623843195748958,0.49437250783983505
carlos_terry,laura_salazar,0.3418849788013749,0.28350150859080026,0.3746135126078249
carly_sullivan,meagan_boyle,0.24557084776816818,0.32750922675498745,0.4269199254768444
carol_bush,cynthia_berry,0.3918002166478781,0.3737833502478896,0.2344164331042323
carol_harris,robert_barton,0.4845798024313776,0.3643392575105374,0.15108094005808495
carol_harris,cynthia_dougherty,0.47051585009930963,0.3560935099883544,0.17339063991233603
carol_harris,frank_burns,0.42600568623661134,0.33350335540353293,0.24049095835985576
carol_harris,sandra_thompson,0.42398865044961104,0.3564448553677026,0.21956649418268634
carol_harris,jeremy_farmer_dds,0.43962823524549166,0.3396971805775336,0.22067458417697472
carol_harris,traci_cooper,0.48038075524251184,0.36035892037861106,0.1592603243788771
carol_harris,michael_stewart,0.4887786883919932,0.36729174502398204,0.14392956658402475
caroline_branch,nicole_ross,0.3948004824398249,0.38781962987385404,0.21737988768632102
caroline_branch,carmen_lopez,0.5615982514135494,0.30046275544930856,0.1379389931371421
caroline_branch,daniel_rangel,0.5888146375040737,0.29527410714842195,0.11591125534750436
caroline_branch,ashley_rogers,0.5940577285006006,0.28898194814027706,0.11696032335912235
caroline_branch,carolyn_campbell,0.5818013825247648,0.28730535371868515,0.13089326375655003
caroline_branch,stephanie_bell,0.5902812721879225,0.28562694080510764,0.12409178700696985
caroline_branch,mrs._mary_hammond,0.4824338915995103,0.33487590707130926,0.18269020132918043
caroline_branch,kristina_wilcox,0.5755256169772895,0.31853638587486105,0.10593799714784936
caroline_branch,danielle_williams_dds,0.5909745634358532,0.285777761447505,0.12324767511664182
caroline_branch,jennifer_washington,0.5937110270664023,0.2916716518954995,0.11461732103809821
carolyn_barnes,carolyn_campbell,0.4054124520315385,0.31513672178227586,0.27945082618618566
carolyn_barnes,beverly_gay,0.2409122105182515,0.43244421083794815,0.32664357864380034
carolyn_barnes,james_webb,0.45766678722448356,0.4380176200025249,0.10431559277299156
carolyn_campbell,james_webb,0.48285555739065117,0.3620149253274145,0.15512951728193433
carolyn_campbell,jonathan_johnson,0.35721963321131656,0.2992176365250743,0.3435627302636091
carolyn_campbell,katherine_benson,0.2203917755515997,0.31700149756066215,0.46260672688773813
carolyn_campbell,rebecca_neal,0.4730433626560129,0.35599768971136936,0.17095894763261774
carolyn_campbell,frederick_hoffman,0.463116684515804,0.349840156333018,0.18704315915117797
carolyn_clark,jennifer_miller,0.43676706358061407,0.3307670972063708,0.23246583921301509
carolyn_clark,jennifer_cunningham,0.47023001181006313,0.4025140083709,0.12725597981903686
carolyn_clark,lauren_thomas_phd,0.44929665541261554,0.4394896634106856,0.11121368117669876
carolyn_clark,edward_gonzales,0.45674976154286573,0.3982669056944231,0.14498333276271116
carolyn_clark,kerry_johnson,0.26825704179671084,0.4162030368580311,0.31553992134525805
carolyn_clark,jeff_hines,0.47015351660654314,0.36633317281679983,0.16351331057665705
carolyn_clark,patrick_morris,0.47129835330392705,0.38457157481985765,0.1441300718762153
carolyn_clark,kenneth_brown,0.45804732725919034,0.3863803567429755,0.1555723159978342
carrie_phillips,karen_walker,0.4758533539644343,0.3785775840519381,0.14556906198362762
carrie_phillips,martha_ramirez,0.3325383063899237,0.2568107436245585,0.41065094998551777
carrie_phillips,danielle_marsh,0.40739370463189933,0.3182420859374957,0.27436420943060497
carrie_phillips,jason_ochoa,0.4337497246591736,0.3367605513399454,0.22948972400088097
